Intercept: -0.583946095042942
Coefficients: [ 0.03367072  0.02501753  0.02284409 -0.01530351 -0.01030686  0.00458841
 -0.03707373 -0.02011293 -0.01381499  0.03007136 -0.00820121 -0.03451076
 -0.02688026]
Means: [53.70797672  0.69736392  2.10578569  0.49298186  0.49583476  0.49834532
  0.89683898  0.59808285  1.00787402 10.01428392  3.48967249  7.02350793
  5.46970216]
Stds: [21.24829631  0.45939905  0.90738136  0.49995074  0.49998265  0.49999726
  0.30416907  0.49028538  0.81708733  5.78341767  2.28255707  1.98835929
  2.85945872]
